huggingface/tokenizers: The current process just got forked, after parallelism has already been used. Disabling parallelism to avoid deadlocks...
To disable this warning, you can either:
	- Avoid using `tokenizers` before the fork if possible
	- Explicitly set the environment variable TOKENIZERS_PARALLELISM=(true | false)
{'mask_input_ids': tensor([[     0,  58807, 100561,   7814,     34,    136, 148021,  71342,  18055,
          88898,   3642,     70,  15380,  10323,    111,     70, 148436,     67,
          61112,   1556,   2809,  90698,     70,     44,  73944,  51359,     44,
          87420,  32692,      6,      5,      2,      2,  58807, 250001,   7814,
             34,    136, 148021,  71342, 250001,  88898, 250001,     70,  15380,
         250001,    111,     70,  73944,  61112,   1556,   2809, 250001,    297,
          87420,  32692,    237,     70,     44, 250001, 250001,     67,  51359,
              6,      5,     44,      2,      1,      1,      1,      1,      1,
              1,      1,      1,      1,      1,      1,      1,      1,      1,
              1,      1,      1,      1,      1,      1,      1,      1,      1,
              1,      1,      1,      1,      1,      1,      1,      1,      1,
              1,      1,      1,      1,      1,      1,      1,      1,      1,
              1,      1,      1,      1,      1,      1,      1,      1,      1,
              1,      1,      1,      1,      1,      1,      1,      1,      1,
              1,      1],
        [     0, 105293,  10500,     56,  32547,     15,  92422,     44,   3316,
            964, 105293,  10500,     56,     44,   1388,     83,     10,  34003,
            289,  96113,     23,     70, 105293,  10500,     56,  10776,     23,
           8394,  48850,  17071,      6,      5,      2,      2, 105293,  10500,
             56,  32547,     15,  92422,     44,   3316, 250001, 105293,  10500,
         250001,     44, 250001,     83,     10,  34003,    289,  96113,     23,
             70, 105293,  10500,     56,  10776,    111,   8394,  48850,  17071,
              6,      5,      2,      1,      1,      1,      1,      1,      1,
              1,      1,      1,      1,      1,      1,      1,      1,      1,
              1,      1,      1,      1,      1,      1,      1,      1,      1,
              1,      1,      1,      1,      1,      1,      1,      1,      1,
              1,      1,      1,      1,      1,      1,      1,      1,      1,
              1,      1,      1,      1,      1,      1,      1,      1,      1,
              1,      1,      1,      1,      1,      1,      1,      1,      1,
              1,      1]], dtype=torch.int32), 'mask_attention_mask': tensor([[1, 1, 1, 1, 1, 1, 1, 1, 1, 1, 1, 1, 1, 1, 1, 1, 1, 1, 1, 1, 1, 1, 1, 1,
         1, 1, 1, 1, 1, 1, 1, 1, 1, 1, 1, 1, 1, 1, 1, 1, 1, 1, 1, 1, 1, 1, 1, 1,
         1, 1, 1, 1, 1, 1, 1, 1, 1, 1, 1, 1, 1, 1, 1, 1, 1, 1, 1, 0, 0, 0, 0, 0,
         0, 0, 0, 0, 0, 0, 0, 0, 0, 0, 0, 0, 0, 0, 0, 0, 0, 0, 0, 0, 0, 0, 0, 0,
         0, 0, 0, 0, 0, 0, 0, 0, 0, 0, 0, 0, 0, 0, 0, 0, 0, 0, 0, 0, 0, 0, 0, 0,
         0, 0, 0, 0, 0, 0, 0, 0],
        [1, 1, 1, 1, 1, 1, 1, 1, 1, 1, 1, 1, 1, 1, 1, 1, 1, 1, 1, 1, 1, 1, 1, 1,
         1, 1, 1, 1, 1, 1, 1, 1, 1, 1, 1, 1, 1, 1, 1, 1, 1, 1, 1, 1, 1, 1, 1, 1,
         1, 1, 1, 1, 1, 1, 1, 1, 1, 1, 1, 1, 1, 1, 1, 1, 1, 1, 0, 0, 0, 0, 0, 0,
         0, 0, 0, 0, 0, 0, 0, 0, 0, 0, 0, 0, 0, 0, 0, 0, 0, 0, 0, 0, 0, 0, 0, 0,
         0, 0, 0, 0, 0, 0, 0, 0, 0, 0, 0, 0, 0, 0, 0, 0, 0, 0, 0, 0, 0, 0, 0, 0,
         0, 0, 0, 0, 0, 0, 0, 0]], dtype=torch.int32), 'mask_labels': tensor([[  -100,   -100,   -100,   -100,   -100,   -100,   -100,   -100,   -100,
           -100,   -100,   -100,   -100,   -100,   -100,   -100,   -100,   -100,
           -100,   -100,   -100,   -100,   -100,   -100,   -100,   -100,   -100,
           -100,   -100,   -100,   -100,   -100,   -100,   -100, 100561,   -100,
           -100,   -100,   -100,   -100,  18055,   -100,   3642,   -100,   -100,
          10323,   -100,   -100,   -100,   -100,   -100,   -100,  21455,   -100,
           -100,   -100,   -100,   -100,   -100,   2684, 148436,   -100,   -100,
           -100,   -100,   -100,   -100,   -100,   -100,   -100,   -100,   -100,
           -100,   -100,   -100,   -100,   -100,   -100,   -100,   -100,   -100,
           -100,   -100,   -100,   -100,   -100,   -100,   -100,   -100,   -100,
           -100,   -100,   -100,   -100,   -100,   -100,   -100,   -100,   -100,
           -100,   -100,   -100,   -100,   -100,   -100,   -100,   -100,   -100,
           -100,   -100,   -100,   -100,   -100,   -100,   -100,   -100,   -100,
           -100,   -100,   -100,   -100,   -100,   -100,   -100,   -100,   -100,
           -100,   -100],
        [  -100,   -100,   -100,   -100,   -100,   -100,   -100,   -100,   -100,
           -100,   -100,   -100,   -100,   -100,   -100,   -100,   -100,   -100,
           -100,   -100,   -100,   -100,   -100,   -100,   -100,   -100,   -100,
           -100,   -100,   -100,   -100,   -100,   -100,   -100,   -100,   -100,
           -100,   -100,   -100,   -100,   -100,   -100,    964,   -100,   -100,
             56,   -100,   1388,   -100,   -100,   -100,   -100,   -100,   -100,
           -100,   -100,   -100,   -100,   -100,   -100,   -100,   -100,   -100,
           -100,   -100,   -100,   -100,   -100,   -100,   -100,   -100,   -100,
           -100,   -100,   -100,   -100,   -100,   -100,   -100,   -100,   -100,
           -100,   -100,   -100,   -100,   -100,   -100,   -100,   -100,   -100,
           -100,   -100,   -100,   -100,   -100,   -100,   -100,   -100,   -100,
           -100,   -100,   -100,   -100,   -100,   -100,   -100,   -100,   -100,
           -100,   -100,   -100,   -100,   -100,   -100,   -100,   -100,   -100,
           -100,   -100,   -100,   -100,   -100,   -100,   -100,   -100,   -100,
           -100,   -100]], dtype=torch.int32), 'gen_input_ids': tensor([[128022,  44875,  62800,  24448,     51,   1019,   6476,    112,  21559,
          51897,  17574,   1047,  40288,   1197,  17961,  18141,    432,   1197,
          81768,    404, 116011,   7258,  59663, 127632,   1197,     33,  11273,
            336, 123788,     33, 127446,  93900,    237,      2,      1,      1,
              1,      1,      1,      1,      1,      1,      1,      1,      1,
              1,      1,      1,      1,      1,      1,      1,      1,      1,
              1,      1,      1,      1,      1,      1,      1,      1,      1,
              1,      1,      1,      1,      1,      1,      1,      1,      1,
              1,      1,      1,      1,      1,      1,      1,      1,      1,
              1,      1,      1,      1,      1,      1,      1,      1,      1,
              1,      1,      1,      1,      1,      1,      1,      1,      1,
              1,      1,      1,      1,      1,      1,      1,      1,      1,
              1,      1,      1,      1,      1,      1,      1,      1,      1,
              1,      1,      1,      1,      1,      1,      1,      1,      1,
              1,      1],
        [128022,  79872,  34375,     74,  34502,     11,   6144,    325,     33,
            291,   3713,  79872,  34375,     74,     33,   1216,    117,      8,
          76894,  17024,    245,   9107,     28,   1197,  79872,  34375,     74,
           7144,     28, 104186,  15879,  16516,    237,      2,      1,      1,
              1,      1,      1,      1,      1,      1,      1,      1,      1,
              1,      1,      1,      1,      1,      1,      1,      1,      1,
              1,      1,      1,      1,      1,      1,      1,      1,      1,
              1,      1,      1,      1,      1,      1,      1,      1,      1,
              1,      1,      1,      1,      1,      1,      1,      1,      1,
              1,      1,      1,      1,      1,      1,      1,      1,      1,
              1,      1,      1,      1,      1,      1,      1,      1,      1,
              1,      1,      1,      1,      1,      1,      1,      1,      1,
              1,      1,      1,      1,      1,      1,      1,      1,      1,
              1,      1,      1,      1,      1,      1,      1,      1,      1,
              1,      1]], dtype=torch.int32), 'gen_attention_mask': tensor([[1, 1, 1, 1, 1, 1, 1, 1, 1, 1, 1, 1, 1, 1, 1, 1, 1, 1, 1, 1, 1, 1, 1, 1,
         1, 1, 1, 1, 1, 1, 1, 1, 1, 1, 0, 0, 0, 0, 0, 0, 0, 0, 0, 0, 0, 0, 0, 0,
         0, 0, 0, 0, 0, 0, 0, 0, 0, 0, 0, 0, 0, 0, 0, 0, 0, 0, 0, 0, 0, 0, 0, 0,
         0, 0, 0, 0, 0, 0, 0, 0, 0, 0, 0, 0, 0, 0, 0, 0, 0, 0, 0, 0, 0, 0, 0, 0,
         0, 0, 0, 0, 0, 0, 0, 0, 0, 0, 0, 0, 0, 0, 0, 0, 0, 0, 0, 0, 0, 0, 0, 0,
         0, 0, 0, 0, 0, 0, 0, 0],
        [1, 1, 1, 1, 1, 1, 1, 1, 1, 1, 1, 1, 1, 1, 1, 1, 1, 1, 1, 1, 1, 1, 1, 1,
         1, 1, 1, 1, 1, 1, 1, 1, 1, 1, 0, 0, 0, 0, 0, 0, 0, 0, 0, 0, 0, 0, 0, 0,
         0, 0, 0, 0, 0, 0, 0, 0, 0, 0, 0, 0, 0, 0, 0, 0, 0, 0, 0, 0, 0, 0, 0, 0,
         0, 0, 0, 0, 0, 0, 0, 0, 0, 0, 0, 0, 0, 0, 0, 0, 0, 0, 0, 0, 0, 0, 0, 0,
         0, 0, 0, 0, 0, 0, 0, 0, 0, 0, 0, 0, 0, 0, 0, 0, 0, 0, 0, 0, 0, 0, 0, 0,
         0, 0, 0, 0, 0, 0, 0, 0]], dtype=torch.int32), 'gen_decoder_input_ids': tensor([[128022,  44875,  62800,  24448,     51,   1019,   6476,    112,  21559,
          51897,  17574,   1047,  40288,   1197,  17961,  18141,    432,   1197,
          11273,    336, 116011,   7258,  59663,  57281,    241, 127446,  93900,
            285,   1197,     33,   7467,  81768,    404, 123788,    237,     33,
              2,      1,      1,      1,      1,      1,      1,      1,      1,
              1,      1,      1,      1,      1,      1,      1,      1,      1,
              1,      1,      1,      1,      1,      1,      1,      1,      1,
              1,      1,      1,      1,      1,      1,      1,      1,      1,
              1,      1,      1,      1,      1,      1,      1,      1,      1,
              1,      1,      1,      1,      1,      1,      1,      1,      1,
              1,      1,      1,      1,      1,      1,      1,      1,      1,
              1,      1,      1,      1,      1,      1,      1,      1,      1,
              1,      1,      1,      1,      1,      1,      1,      1,      1,
              1,      1,      1,      1,      1,      1,      1,      1,      1,
              1,      1],
        [128022,  79872,  34375,     74,  34502,     11,   6144,    325,     33,
            291,   3713,  79872,  34375,     74,     33,   1216,    117,      8,
          76894,  17024,    245,   9107,     28,   1197,  79872,  34375,     74,
           7144,    432, 104186,  15879,  16516,    237,      2,      1,      1,
              1,      1,      1,      1,      1,      1,      1,      1,      1,
              1,      1,      1,      1,      1,      1,      1,      1,      1,
              1,      1,      1,      1,      1,      1,      1,      1,      1,
              1,      1,      1,      1,      1,      1,      1,      1,      1,
              1,      1,      1,      1,      1,      1,      1,      1,      1,
              1,      1,      1,      1,      1,      1,      1,      1,      1,
              1,      1,      1,      1,      1,      1,      1,      1,      1,
              1,      1,      1,      1,      1,      1,      1,      1,      1,
              1,      1,      1,      1,      1,      1,      1,      1,      1,
              1,      1,      1,      1,      1,      1,      1,      1,      1,
              1,      1]], dtype=torch.int32), 'gen_labels': tensor([[ 44875,  62800,  24448,     51,   1019,   6476,    112,  21559,  51897,
          17574,   1047,  40288,   1197,  17961,  18141,    432,   1197,  11273,
            336, 116011,   7258,  59663,  57281,    241, 127446,  93900,    285,
           1197,     33,   7467,  81768,    404, 123788,    237,     33,      2,
              1,      1,      1,      1,      1,      1,      1,      1,      1,
              1,      1,      1,      1,      1,      1,      1,      1,      1,
              1,      1,      1,      1,      1,      1,      1,      1,      1,
              1,      1,      1,      1,      1,      1,      1,      1,      1,
              1,      1,      1,      1,      1,      1,      1,      1,      1,
              1,      1,      1,      1,      1,      1,      1,      1,      1,
              1,      1,      1,      1,      1,      1,      1,      1,      1,
              1,      1,      1,      1,      1,      1,      1,      1,      1,
              1,      1,      1,      1,      1,      1,      1,      1,      1,
              1,      1,      1,      1,      1,      1,      1,      1,      1,
              1,      1],
        [ 79872,  34375,     74,  34502,     11,   6144,    325,     33,    291,
           3713,  79872,  34375,     74,     33,   1216,    117,      8,  76894,
          17024,    245,   9107,     28,   1197,  79872,  34375,     74,   7144,
            432, 104186,  15879,  16516,    237,      2,      1,      1,      1,
              1,      1,      1,      1,      1,      1,      1,      1,      1,
              1,      1,      1,      1,      1,      1,      1,      1,      1,
              1,      1,      1,      1,      1,      1,      1,      1,      1,
              1,      1,      1,      1,      1,      1,      1,      1,      1,
              1,      1,      1,      1,      1,      1,      1,      1,      1,
              1,      1,      1,      1,      1,      1,      1,      1,      1,
              1,      1,      1,      1,      1,      1,      1,      1,      1,
              1,      1,      1,      1,      1,      1,      1,      1,      1,
              1,      1,      1,      1,      1,      1,      1,      1,      1,
              1,      1,      1,      1,      1,      1,      1,      1,      1,
              1,      1]], dtype=torch.int32)}
